%YAML:1.0
cameraMatrix: !!opencv-matrix
   rows: 3
   cols: 3
   dt: d
   data: [ 6.5929684594692117e+02, 0., 3.5577293093147415e+02, 0.,
       6.5515103786666737e+02, 2.5352906572099991e+02, 0., 0., 1. ]
imageSize_width: 640
imageSize_height: 480
sensorSize_width: 0
sensorSize_height: 0
distCoeffs: !!opencv-matrix
   rows: 5
   cols: 1
   dt: d
   data: [ 4.8361901566131647e-02, -4.1619456936049980e-02,
       5.5704951355295765e-04, 5.7872189514058510e-03,
       -7.6614772017938437e-01 ]
reprojectionError: 1.0387876033782959e+00
features:
   - [ 1.48515503e+02, 1.28849274e+02, 2.12279251e+02, 1.25354515e+02,
       2.76467468e+02, 1.21902519e+02, 3.41293121e+02, 1.18473282e+02,
       4.06492279e+02, 1.14388443e+02, 4.73096710e+02, 1.10544693e+02,
       1.49297104e+02, 1.91971985e+02, 2.14112167e+02, 1.88737823e+02,
       2.79047394e+02, 1.85620651e+02, 3.44250427e+02, 1.82491745e+02,
       4.09926819e+02, 1.78933578e+02, 4.77119080e+02, 1.75468765e+02,
       1.50199005e+02, 2.56624878e+02, 2.15513763e+02, 2.53549118e+02,
       2.81283569e+02, 2.50574707e+02, 3.47224609e+02, 2.47516876e+02,
       4.13343933e+02, 2.44479309e+02, 4.81238800e+02, 2.41433563e+02,
       1.51446289e+02, 3.22600098e+02, 2.17335953e+02, 3.19623016e+02,
       2.83550293e+02, 3.16643951e+02, 3.50224457e+02, 3.13683105e+02,
       4.17219421e+02, 3.11208282e+02, 480., 303. ]
   - [ 6.31569977e+01, 7.86921539e+01, 1.60375351e+02, 8.47863464e+01,
       2.45741623e+02, 9.15240402e+01, 3.20478058e+02, 9.71644058e+01,
       3.86560944e+02, 1.01676079e+02, 4.45162354e+02, 1.06037239e+02,
       6.73717270e+01, 1.75555695e+02, 1.65024994e+02, 1.75839035e+02,
       2.49775909e+02, 1.76479935e+02, 3.23769745e+02, 1.76662979e+02,
       3.88696259e+02, 1.76833511e+02, 4.47355804e+02, 1.77018188e+02,
       7.20740433e+01, 2.73247925e+02, 1.69456390e+02, 2.66520721e+02,
       2.53361160e+02, 2.60566803e+02, 3.26487396e+02, 2.55599091e+02,
       3.91414703e+02, 2.51384750e+02, 4.49588440e+02, 2.47554962e+02,
       7.68069077e+01, 3.69704559e+02, 1.72886612e+02, 3.56695374e+02,
       2.56533630e+02, 3.44571289e+02, 3.29145050e+02, 3.34153687e+02,
       3.93445129e+02, 3.25425751e+02, 4.51565979e+02, 3.17621521e+02 ]
   - [ 9.04306107e+01, 1.41546921e+02, 1.59412521e+02, 1.32218536e+02,
       2.32795273e+02, 1.22839905e+02, 3.09450073e+02, 1.13008331e+02,
       3.89740356e+02, 1.02215149e+02, 4.75588867e+02, 9.08141785e+01,
       9.32395020e+01, 2.15724915e+02, 1.63995834e+02, 2.08611496e+02,
       2.38311920e+02, 2.00976151e+02, 3.15484344e+02, 1.92844254e+02,
       3.96574341e+02, 1.84558655e+02, 4.83216675e+02, 1.75486511e+02,
       9.69262619e+01, 2.91742859e+02, 1.68274841e+02, 2.86225525e+02,
       2.43615921e+02, 2.80274292e+02, 3.22027252e+02, 2.73817017e+02,
       4.03544128e+02, 2.67579956e+02, 4.91162994e+02, 2.61251984e+02,
       1.02104698e+02, 3.68642517e+02, 1.73320114e+02, 3.65151855e+02,
       2.49288040e+02, 3.60773804e+02, 3.28386536e+02, 3.56507416e+02,
       4.11175049e+02, 3.52512665e+02, 493., 342. ]
   - [ 1.02292297e+02, 7.25055847e+01, 1.72538666e+02, 6.89543152e+01,
       2.45223846e+02, 6.65191269e+01, 3.18531525e+02, 6.37920113e+01,
       3.93000854e+02, 6.05826111e+01, 4.69124084e+02, 5.83251877e+01,
       9.08680801e+01, 1.34492493e+02, 1.65332977e+02, 1.32373627e+02,
       2.41204926e+02, 1.30650848e+02, 3.17586792e+02, 1.28627380e+02,
       3.95077911e+02, 1.26511391e+02, 4.74526764e+02, 1.23562218e+02,
       7.94309998e+01, 2.03383652e+02, 1.57323212e+02, 2.01571808e+02,
       2.36850372e+02, 2.00642181e+02, 3.16654144e+02, 1.99254501e+02,
       3.97370758e+02, 1.97363403e+02, 4.80532654e+02, 1.95271088e+02,
       6.81413879e+01, 2.79479584e+02, 1.48982544e+02, 2.78349945e+02,
       2.32105453e+02, 2.77115509e+02, 3.15633301e+02, 2.76490326e+02,
       4.00245544e+02, 2.75191010e+02, 4.81589752e+02, 2.67019684e+02 ]
   - [ 1.10463600e+02, 6.96495743e+01, 1.90252975e+02, 7.01686020e+01,
       2.71204102e+02, 7.08743591e+01, 3.52284637e+02, 7.16798935e+01,
       4.33720215e+02, 7.22376938e+01, 5.16044739e+02, 7.27084274e+01,
       1.14922768e+02, 1.50528336e+02, 1.93479691e+02, 1.51505569e+02,
       2.72293793e+02, 1.52525574e+02, 3.50728302e+02, 1.53514679e+02,
       4.29522980e+02, 1.54159042e+02, 5.09837769e+02, 1.54665436e+02,
       1.19825104e+02, 2.27418869e+02, 1.96501404e+02, 2.28408798e+02,
       2.73273590e+02, 2.28834473e+02, 3.49442017e+02, 2.29723587e+02,
       4.25974335e+02, 2.30930634e+02, 5.03926270e+02, 2.31930511e+02,
       1.25345421e+02, 2.99504181e+02, 1.99483170e+02, 3.00593170e+02,
       2.73963409e+02, 3.01355133e+02, 3.48234650e+02, 3.01828613e+02,
       4.22444733e+02, 3.03369141e+02, 4.98227356e+02, 3.04784851e+02 ]
   - [ 2.87652344e+02, 4.50472488e+01, 3.31325684e+02, 8.87442932e+01,
       3.75632050e+02, 1.33768066e+02, 4.21222961e+02, 1.79566666e+02,
       4.68189941e+02, 2.26340515e+02, 5.16519531e+02, 2.74965851e+02,
       2.40562912e+02, 8.53340683e+01, 2.84354156e+02, 1.30523117e+02,
       3.28734894e+02, 1.76538986e+02, 3.74244690e+02, 2.23428589e+02,
       4.20665710e+02, 2.71455444e+02, 4.69239899e+02, 3.21244690e+02,
       1.92205215e+02, 1.27027245e+02, 2.36090485e+02, 1.73228607e+02,
       2.80650757e+02, 2.20425934e+02, 3.26041382e+02, 2.68479309e+02,
       3.72542786e+02, 3.17595123e+02, 4.20676758e+02, 3.68803040e+02,
       1.42676773e+02, 1.70347275e+02, 1.86493423e+02, 2.17365692e+02,
       2.31290039e+02, 2.65494019e+02, 2.76668365e+02, 3.14713470e+02,
       3.23045227e+02, 3.65345947e+02, 371., 410. ]
   - [ 1.13593605e+02, 2.56429169e+02, 1.67758423e+02, 2.18658829e+02,
       2.23374466e+02, 1.80552322e+02, 2.79392029e+02, 1.41605301e+02,
       3.36052307e+02, 1.01743660e+02, 3.94530426e+02, 6.09704285e+01,
       1.48642715e+02, 3.12849945e+02, 2.04347214e+02, 2.75184631e+02,
       2.60460541e+02, 2.37129074e+02, 3.17317200e+02, 1.98385727e+02,
       3.74732727e+02, 1.59135025e+02, 4.34111969e+02, 1.18441231e+02,
       1.84755142e+02, 3.70428925e+02, 2.41043030e+02, 3.32597321e+02,
       2.98204865e+02, 2.94449066e+02, 3.55687683e+02, 2.55835480e+02,
       4.14134308e+02, 2.16799850e+02, 4.74483429e+02, 1.76631958e+02,
       2.22030289e+02, 4.28639709e+02, 2.78736359e+02, 3.91270935e+02,
       3.36536316e+02, 3.53037598e+02, 3.94793671e+02, 3.14403107e+02,
       4.54343658e+02, 2.75671967e+02, 5.15623779e+02, 2.35983109e+02 ]
   - [ 1.14560944e+02, 2.55581528e+02, 1.68718491e+02, 2.17921722e+02,
       2.24283707e+02, 1.79788803e+02, 2.80327637e+02, 1.41010178e+02,
       3.36999268e+02, 1.01192680e+02, 3.95572784e+02, 6.04230576e+01,
       1.49573608e+02, 3.12037384e+02, 2.05172256e+02, 2.74398834e+02,
       2.61376526e+02, 2.36365891e+02, 3.18228271e+02, 1.97694473e+02,
       3.75664337e+02, 1.58514069e+02, 4.35099792e+02, 1.17919235e+02,
       1.85616653e+02, 3.69476257e+02, 2.41821365e+02, 3.31756348e+02,
       2.99042389e+02, 2.93724121e+02, 3.56561218e+02, 2.55345123e+02,
       4.14854309e+02, 2.16308289e+02, 4.75445740e+02, 1.76184982e+02,
       2.22747910e+02, 4.27612549e+02, 2.79584930e+02, 3.90426575e+02,
       3.37319916e+02, 3.52314087e+02, 3.95654327e+02, 3.13801239e+02,
       4.55149780e+02, 2.75252380e+02, 5.16522827e+02, 2.35492661e+02 ]
