%YAML:1.0
cameraMatrix: !!opencv-matrix
   rows: 3
   cols: 3
   dt: d
   data: [ 6.1210787933334279e+02, 0., 3.2398467606783368e+02, 0.,
       6.1108771680434290e+02, 2.3807401816723041e+02, 0., 0., 1. ]
imageSize_width: 640
imageSize_height: 480
sensorSize_width: 0
sensorSize_height: 0
distCoeffs: !!opencv-matrix
   rows: 5
   cols: 1
   dt: d
   data: [ -7.9312789702839035e-03, 6.7386123595614233e-01,
       1.3218194404087998e-03, 2.5901980175391476e-04,
       -1.9801423260856048e+00 ]
reprojectionError: 5.9750521183013916e-01
features:
   - [ 8.82657852e+01, 1.19783211e+02, 1.62035583e+02, 1.22181114e+02,
       2.33564392e+02, 1.24344734e+02, 3.03591858e+02, 1.26321716e+02,
       3.72436584e+02, 1.28010056e+02, 4.40267853e+02, 1.29608368e+02,
       8.21567764e+01, 1.87885086e+02, 1.58247192e+02, 1.89469864e+02,
       2.31577087e+02, 1.90675919e+02, 3.03550690e+02, 1.92233597e+02,
       3.74318207e+02, 1.93490219e+02, 4.43712341e+02, 1.94604996e+02,
       7.47468262e+01, 2.59497498e+02, 1.53572006e+02, 2.60347961e+02,
       2.29382889e+02, 2.60849091e+02, 3.03488831e+02, 2.61656189e+02,
       3.76363525e+02, 2.62480988e+02, 4.47873474e+02, 2.63112152e+02,
       6.66631470e+01, 3.36194611e+02, 1.47999222e+02, 3.35575073e+02,
       2.26636154e+02, 3.35442444e+02, 3.03521942e+02, 3.35470184e+02,
       3.78699005e+02, 3.35442871e+02, 4.52811981e+02, 3.35604919e+02 ]
   - [ 9.63801880e+01, 1.28972473e+02, 1.51233246e+02, 1.25861755e+02,
       2.09299805e+02, 1.22592049e+02, 2.71026154e+02, 1.19069427e+02,
       3.36824158e+02, 1.15229477e+02, 406., 114., 8.78221359e+01,
       1.89161743e+02, 1.43712448e+02, 1.87812927e+02, 2.02497345e+02,
       1.86453979e+02, 2.65505615e+02, 1.84872498e+02, 3.32532684e+02,
       1.83320114e+02, 4.04618073e+02, 1.81328308e+02, 7.76783981e+01,
       2.51422943e+02, 1.35261612e+02, 2.52144196e+02, 1.95170471e+02,
       2.52606461e+02, 2.59313538e+02, 2.53480179e+02, 3.27881012e+02,
       2.54305511e+02, 4.01623108e+02, 2.54852921e+02, 6.71994629e+01,
       3.16600098e+02, 1.24759232e+02, 3.19229767e+02, 1.86533737e+02,
       3.22082153e+02, 2.52386887e+02, 3.25297241e+02, 3.22386261e+02,
       3.28575073e+02, 3.98293945e+02, 3.32511108e+02 ]
   - [ 9.39647598e+01, 1.13466545e+02, 1.79443588e+02, 1.12073959e+02,
       2.54739273e+02, 1.10822235e+02, 3.22280121e+02, 1.09600853e+02,
       3.83402649e+02, 1.08379051e+02, 4.39014465e+02, 1.07071831e+02,
       1.06240196e+02, 1.93792419e+02, 1.92624695e+02, 1.87658020e+02,
       2.68560059e+02, 1.81977982e+02, 3.36600189e+02, 1.77222137e+02,
       3.98129425e+02, 1.72622803e+02, 4.54309357e+02, 1.68445480e+02,
       1.18716888e+02, 2.77487701e+02, 2.06357361e+02, 2.66205963e+02,
       2.83241089e+02, 2.56129974e+02, 3.52017334e+02, 2.47207993e+02,
       4.13818115e+02, 2.39001022e+02, 4.70570251e+02, 2.31616379e+02,
       1.31435013e+02, 3.66203339e+02, 2.21134216e+02, 3.48439575e+02,
       2.99165680e+02, 3.33427338e+02, 3.68770966e+02, 3.20067047e+02,
       4.31638977e+02, 3.08062347e+02, 4.88476074e+02, 2.97437073e+02 ]
   - [ 1.75039352e+02, 1.39720200e+02, 2.31575821e+02, 1.41022583e+02,
       2.86987518e+02, 1.42095139e+02, 3.41693665e+02, 1.43316910e+02,
       3.95769318e+02, 1.44292694e+02, 4.49364563e+02, 1.45131271e+02,
       1.73749557e+02, 1.95002701e+02, 2.30746231e+02, 1.95662735e+02,
       2.86520416e+02, 1.96435944e+02, 3.41743439e+02, 1.97280121e+02,
       3.96257935e+02, 1.97939957e+02, 4.50231140e+02, 1.98567032e+02,
       1.72316940e+02, 2.50690811e+02, 2.29746964e+02, 2.51308945e+02,
       2.86187805e+02, 2.51549591e+02, 3.41789001e+02, 2.52086197e+02,
       3.96735382e+02, 2.52436478e+02, 4.51328217e+02, 2.52640121e+02,
       1.70424210e+02, 3.07797394e+02, 2.28672195e+02, 3.07665833e+02,
       2.85662231e+02, 3.07729797e+02, 3.42068939e+02, 3.07747986e+02,
       3.97632874e+02, 3.07728302e+02, 4.52667725e+02, 3.07935760e+02 ]
   - [ 9.49243240e+01, 1.05604218e+02, 1.68562119e+02, 1.06466431e+02,
       2.40489807e+02, 1.07334579e+02, 3.11146545e+02, 1.07644295e+02,
       3.80594696e+02, 1.07992630e+02, 447., 110., 9.37542419e+01,
       1.76598862e+02, 1.68407288e+02, 1.76792984e+02, 2.40564301e+02,
       1.76759781e+02, 3.11818420e+02, 1.76715469e+02, 3.82132263e+02,
       1.76625153e+02, 4.51522095e+02, 1.76468567e+02, 9.17746429e+01,
       2.48725266e+02, 1.67536057e+02, 2.48301651e+02, 2.40571259e+02,
       2.47526001e+02, 3.12692993e+02, 2.47023026e+02, 3.83702362e+02,
       2.46464020e+02, 4.53901978e+02, 2.45802368e+02, 8.94896011e+01,
       3.22966064e+02, 1.66194427e+02, 3.21456909e+02, 2.40539810e+02,
       3.20137054e+02, 3.13645905e+02, 3.19001740e+02, 3.85714874e+02,
       3.17932495e+02, 4.57029877e+02, 3.16991241e+02 ]
   - [ 1.18020065e+02, 1.53851059e+02, 1.88456329e+02, 1.52841965e+02,
       2.57014221e+02, 1.51585892e+02, 3.24682495e+02, 1.50170120e+02,
       3.91655029e+02, 1.48609131e+02, 4.57953979e+02, 1.47066071e+02,
       1.28432938e+02, 2.16504822e+02, 1.95365005e+02, 2.14985443e+02,
       2.60552887e+02, 2.13440689e+02, 3.25355011e+02, 2.11548340e+02,
       3.88978424e+02, 2.09855438e+02, 4.52402740e+02, 2.08384247e+02,
       1.36834396e+02, 2.75250977e+02, 2.00998505e+02, 2.72797119e+02,
       2.63421173e+02, 2.71038483e+02, 3.25397369e+02, 2.68899017e+02,
       3.86508911e+02, 2.66919983e+02, 4.47174957e+02, 2.65312531e+02,
       1.44364166e+02, 3.29081573e+02, 2.05897675e+02, 3.26838623e+02,
       2.66083435e+02, 3.24525421e+02, 3.25544312e+02, 3.22337280e+02,
       3.84400482e+02, 3.20377838e+02, 4.42691467e+02, 3.18203583e+02 ]
   - [ 2.56352417e+02, 7.49524155e+01, 2.95504150e+02, 1.16538811e+02,
       3.33591187e+02, 1.54598221e+02, 3.68503662e+02, 1.95569916e+02,
       4.04200043e+02, 2.34327423e+02, 4.39548828e+02, 2.69240570e+02,
       2.18485916e+02, 1.12559303e+02, 2.57719452e+02, 1.52286545e+02,
       2.93725159e+02, 1.94243256e+02, 3.32640289e+02, 2.31277893e+02,
       3.69067413e+02, 2.70302032e+02, 4.04549683e+02, 3.08030426e+02,
       1.75975235e+02, 1.50557236e+02, 2.18741379e+02, 1.93248611e+02,
       2.57059021e+02, 2.32505524e+02, 2.94148804e+02, 2.71415741e+02,
       3.33212494e+02, 3.08577637e+02, 3.68255402e+02, 3.45396423e+02,
       1.31366318e+02, 1.91059036e+02, 1.76241302e+02, 2.34116470e+02,
       2.15989975e+02, 2.72392426e+02, 2.57943573e+02, 3.09360168e+02,
       2.96558258e+02, 3.48712463e+02, 3.34012238e+02, 3.86596283e+02 ]
   - [ 6.52432251e+01, 2.20326218e+02, 1.23695503e+02, 1.89765350e+02,
       1.81591263e+02, 1.59669540e+02, 2.39220901e+02, 1.29448151e+02,
       2.96562225e+02, 9.90036621e+01, 3.53960266e+02, 6.83729172e+01,
       9.61784134e+01, 2.77944733e+02, 1.54607681e+02, 2.47406021e+02,
       2.12147675e+02, 2.17229950e+02, 2.69521851e+02, 1.86813004e+02,
       3.26923218e+02, 1.56524841e+02, 3.84364197e+02, 1.26136139e+02,
       1.26293159e+02, 3.35667603e+02, 1.84798080e+02, 3.04673187e+02,
       2.42321045e+02, 2.74435852e+02, 2.99702118e+02, 2.44018814e+02,
       3.57226410e+02, 2.13672592e+02, 4.14619873e+02, 1.83380020e+02,
       1.56182632e+02, 3.93742645e+02, 2.14595627e+02, 3.62620026e+02,
       2.72385498e+02, 3.31999298e+02, 3.30034180e+02, 3.01533936e+02,
       3.87668213e+02, 2.71156982e+02, 4.45434326e+02, 2.40679062e+02 ]
